2 0.6921875 0.20390625 0.13046875 0.20390625
2 0.55546875 0.20078125 0.13046875 0.18203125
2 0.46171875 0.19375 0.15546875 0.21484375
2 0.22265625 0.18828125 0.1640625 0.21328125
2 0.696875 0.425 0.11640625 0.19296875
2 0.54921875 0.4234375 0.13984375 0.17421875
2 0.415625 0.41953125 0.1171875 0.19765625
2 0.30390625 0.40859375 0.10859375 0.16953125
2 0.284375 0.684375 0.096875 0.17109375
2 0.39765625 0.6734375 0.14609375 0.21796875
2 0.690625 0.68125 0.13046875 0.2421875
2 0.56171875 0.6765625 0.1390625 0.19921875
2 0.47265625 0.6609375 0.10859375 0.2328125