3 0.07265625 0.84921875 0.1453125 0.2984375
3 0.74453125 0.81328125 0.5109375 0.3734375
2 0.36171875 0.04765625 0.0734375 0.0953125
2 0.45859375 0.04453125 0.11171875 0.0890625
2 0.58359375 0.06015625 0.115625 0.1140625
2 0.678125 0.046875 0.10234375 0.09375
2 0.42421875 0.16640625 0.121875 0.1234375
2 0.54921875 0.1828125 0.1328125 0.08828125
2 0.6515625 0.16875 0.11640625 0.08828125
2 0.39296875 0.284375 0.13046875 0.1125
2 0.51796875 0.29453125 0.12421875 0.09296875
2 0.6890625 0.2625 0.1203125 0.1140625
2 0.60078125 0.31796875 0.07578125 0.0953125
2 0.53671875 0.40859375 0.1140625 0.09296875
2 0.4078125 0.36796875 0.1328125 0.121875
2 0.6765625 0.38671875 0.13359375 0.134375
2 0.634375 0.54765625 0.1296875 0.1140625
2 0.67734375 0.61015625 0.146875 0.14375
2 0.3921875 0.53359375 0.11953125 0.1234375
2 0.52890625 0.50703125 0.134375 0.10625
2 0.53046875 0.61484375 0.0921875 0.153125
2 0.41484375 0.6171875 0.1359375 0.15703125