2 0.22578125 0.2375 0.1765625 0.21328125
2 0.4828125 0.23046875 0.1875 0.21171875
2 0.5671875 0.25 0.13125 0.21015625
2 0.69609375 0.24375 0.12734375 0.20703125
2 0.20625 0.46953125 0.15703125 0.18359375
2 0.30390625 0.45703125 0.14375 0.16328125
2 0.41484375 0.46328125 0.109375 0.18515625
2 0.684375 0.4734375 0.14609375 0.221875
2 0.1390625 0.7078125 0.15703125 0.19921875
2 0.25703125 0.70546875 0.115625 0.19453125
2 0.42265625 0.7140625 0.1890625 0.20546875
2 0.70859375 0.73671875 0.0890625 0.20859375