2 0.67421875 0.0453125 0.1015625 0.090625
2 0.58046875 0.0609375 0.11953125 0.12109375
2 0.453125 0.04453125 0.12109375 0.0890625
2 0.3671875 0.04375 0.05 0.0875
2 0.43125 0.15234375 0.10625 0.09140625
2 0.540625 0.17265625 0.1203125 0.08046875
2 0.646875 0.15703125 0.125 0.08984375
2 0.42734375 0.28828125 0.06796875 0.09296875
2 0.69296875 0.25625 0.1171875 0.1140625
2 0.51640625 0.28671875 0.10390625 0.0984375
2 0.675 0.3796875 0.12734375 0.1265625
2 0.41640625 0.38203125 0.12734375 0.1
2 0.675 0.62109375 0.134375 0.125
2 0.54765625 0.61484375 0.153125 0.125
2 0.63046875 0.52109375 0.11484375 0.06328125
2 0.55234375 0.51796875 0.09453125 0.14375
2 0.38515625 0.50078125 0.084375 0.07578125
3 0.33203125 0.62265625 0.5875 0.7546875
3 0.8765625 0.83515625 0.24375 0.3296875